750
20 26
581 582
958 960
961 965
887
813 814
936
481 482
788 789
982 984
134 137
937 940
894 897
501 503
584
684 685
102 104
337 338
436
973 974
697 698
609 612
765 769
610
291 295
889
285 288
474 475
861 862
710 711
226 227
695 696
198 199
470 471
464 465
857 858
964
605
993 995
740 744
867
795 796
956 957
403 405
49 51
816 817
662 664
866 868
860
891 892
947 949
339 341
753 758
153 155
343 344
466 469
818 824
483
572 573
902 903
962
840 841
114 115
808 810
990 991
992
668 670
912 915
846 847
939
797 798
759 760
620 622
884 885
893
626
629
543 544
512 513
452 454
726 731
368 371
259 262
390 392
832 833
91 93
401 402
313
899
583 585
494 495
923
932 934
977 979
735 737
407 408
490 492
200 204
716 717
800 801
73
931
249 250
755
616
971
286
386 388
324 327
116 117
812
916 918
994
193
770 773
451
745
762 763
924
673 674
523 524
853 856
850
681 683
375 376
701 703
615 617
54 55
986
825 828
774 781
802
985 988
998
997
289 290
496 498
874
720 721
871 872
372 373
910 911
799
618 619
969
517 518
950
908
898 901
785
96 97
457
415 417
273 280
834 835
196
409 410
359 363
131 133
564 566
996 999
879 881
545 547
345 350
657 659
878
852
480
951
742
533
728
980 981
180 182
837 838
929 930
147 150
536
714 715
688
907
725
472
86 88
952 953
595 598
637 643
921
821
660 661
459 461
756
423
243 244
675 676
46 47
904 909
667
71 72
967 968
880
922
729
746
913
882 883
156 157
537 542
863
382 383
963
779
455 458
873 876
99 101
550
733
364
743
648
702
888
706
896
638
325
644
309
976
942
793 794
353 355
815
467
510 511
422 424
127
553 558
562 563
579 580
231 234
384 385
719
440
926
754
601 603
191 195
179
905
705 709
975
84 85
588
645
983
966
890
628 630
428 432
935
751 752
463
727
613
138 143
387
430
507
206 207
497
568 571
393
859
40 44
168 169
136
917
247
255
855
252 253
144 146
677
820
109
699 700
972
329
599 600
202
468
158 160
791
839
178
279
704
174
848
381
413 414
484 487
223 224
87
941 943
655
954
886
803
764
955
219
741
611
348
551
493
826
100
919 920
739
238 242
792
831
686 689
723
627
66 67
256 257
786
906
775
22
761
927 928
651 653
869
514
222
944
895
805 806
183 185
38
736
730
181
546
404
370
270 271
265
823
844
263 264
870
663
604
713
306 307
865
669
864
978
722
945 946
690
665 666
509
557
707
462
607 608
925
211
287
606
13
567
596
485
171 172
80 82
771
560
576
229
768
145
260
877
532
499
173 175
330 331
394 395
421
125
151 152
31 32
297 304
933
356
334
586 587
302
559
531
105 108
777
209
214 215
875
310 318
624 625
539
589 590
438 443
631 632
89
446
406
508
574
807
970
575
712
845
623
502
830
594
241
678
747
15 18
849
851
27 30
450
81
161 162
749 750
900
804
829
827
300
528 529
822
843
811
78
442
842
790
646
784
654
549
836
277
778
361
635 636
738
597
321 322
272
987
236 237
444 445
809
757
129 130
548 552
275
561
647
521 522
748
614
176
28
456
70
246 248
228
335 336
281
118 119
500
718
254
36 37
208
602
25
687
692
267
776
671
328
819
679
854
732
565
734
123 124
530
772
652
5
434 437
166
504
10 12
163 165
367
398 399
680
650
938
479
296
633 634
43
682
914
959
569
787
691
658
782 783
541
555
708
672
488
301
525 527
299
554
694
526
556
989
534 535
188 190
570
656
693
724
201
577 578
159
641
489
767
649
447 449
311
515
358
365 366
50
948
346
592
540
391
19
298
216
476 478
126 128
266 269
411
148
245
210
477
225
76 79
305
400
593
320
52 53
516
268
435
441
418 419
374
520
621
316
284
491
351
591
261
397
360
473
639
74
349
389
519
235
396
780
187
94 95
486
369
139
416
332
506
429
333
319
258
167
4
314
90
352
640
538
642
192
433
64 65
308
140
98
347
323
218 221
315
212
107
448
113
505
63
439
103
294
426 427
276
186
7
217
766
460
35
425
412
56
189
378
39
342
362
142
75
239
233
380
453
240
420
274
377
232
317
357
312
283
326
83
282
303
379
48
213
292
197
60
9
184
68 69
354
41
251
205
92
121
220
106
149
59 61
177
112
132
203
21
33
431
14
45
11
340
293
154
23
278
57 58
77
6 8
164
3
62
0 2
110
230
111
194
170
141
122
135
16
34
120
42
29
24
17
1
